,cellid,smsin0,smsin1,smsin2,smsin3,smsin4,smsin5,smsin6,smsin7,smsin8,smsin9,smsin10,smsin11,smsin12,smsin13,smsin14,smsin15,smsin16,smsin17,smsin18,smsin19,smsin20,smsin21,smsin22,smsin23,hwf
0,4379,0.00037776680769253600,0.00019945072554552100,0.0,8.94656650631971E-06,0.0001580152458996010,0.0002043967438193990,0.00048209023930230800,0.001991835989646820,0.0042110470645871,0.005459123465990840,0.00642229851484109,0.007304287931103820,0.0045578550884265600,0.005578065202210730,0.0041413979256329500,0.004780915886881590,0.005944255127221400,0.005329860620334180,0.005470442620389110,0.003899996563059420,0.005815592942022800,0.003816944675826560,0.004231066269344650,0.0008982940056205160,1
1,4380,0.0014711979445018400,0.0003106133299853810,2.81431791467022E-05,1.61693115669877E-06,0.0001583869307648590,0.00030231827244712600,0.0009978697088136360,0.0034483924107545300,0.007769834609115260,0.0089105086706526,0.009735348463755880,0.011872444167254400,0.008466168642263070,0.008671306318156780,0.00911263583907202,0.008373137956493580,0.009585082075452350,0.010007007570206500,0.008427264452047120,0.00784455441688788,0.009887489848019670,0.006583726534100680,0.0074446457601339800,0.0024400942775203400,0
2,4381,0.0012560577212731400,0.0005772449710139680,5.21651647678132E-05,2.98086655816075E-05,8.59775842247552E-05,0.0003082598545825380,0.0008786385071040200,0.0034410094221346600,0.005561317207678920,0.008328156407068910,0.007339938377672560,0.006867549761149230,0.005656881081314980,0.004347653277771290,0.007181150112140250,0.006474191163145950,0.006290137456277290,0.00689510242708197,0.005045125829329040,0.004977880218821300,0.005282197224501760,0.003231330124623220,0.002469378328828600,0.0013425760523317900,1
3,4382,0.002336693320743410,0.0016634971759319600,0.0007789043560173200,0.0004450882034384680,0.00021962660237605400,0.0006780974929185160,0.0024508828709462000,0.01156377684565560,0.01739220183220320,0.020199319568420000,0.020834563944050900,0.023427226074153300,0.02313697022335980,0.02255582234785320,0.018495100216067400,0.023814424275253100,0.023962306636008700,0.022650317586649300,0.019704073392894800,0.017173200133651200,0.021170312943582000,0.016779378425291000,0.01217366644804750,0.0087510186832329,1
4,4383,0.0025041280327368600,0.001641932173981900,0.0007027302049444780,0.0003902350542675430,0.00023722593355956600,0.0007103914047030430,0.0026710672278121500,0.01231018055825570,0.018621403538828300,0.02163712303995650,0.02149137336895470,0.022902260221702100,0.023519095454664100,0.023661958799327100,0.017875411073963300,0.02228885955980030,0.022931594732477400,0.023357790752908300,0.020316859687434700,0.018137798486304500,0.020991855722128900,0.017746721214814200,0.012684572498782600,0.009127492183532950,1
5,4384,0.0018993337789339500,0.0014767908622340400,0.0004325022233742880,0.00024286260714948100,0.0004554327699389750,0.0007653087176389950,0.0018042895302462300,0.008341542396043750,0.013001818542313100,0.01446593377564240,0.01775478414785160,0.018074475655490900,0.020658846289200700,0.0201664325900678,0.023848867412679200,0.01691294258076030,0.017334989881481200,0.018606218189595400,0.014450856566041600,0.012525628136365800,0.01449810680578020,0.011515618928492300,0.009272281541411410,0.005999626901813120,1
6,4385,0.0009022274005584500,0.0008281755576637230,0.0006047027115616350,0.00031095009483375800,0.0003941468344384830,0.0005496503073140120,0.001092991151710560,0.005563003349931440,0.008319859862422770,0.008702474372384540,0.013266230287504300,0.01423784949267700,0.015910264224036300,0.015415120106621000,0.018683365459644300,0.012924454311688100,0.013762127829770100,0.014030010867138300,0.009582677101028320,0.009144756563354290,0.011430001573746900,0.0087896075446711,0.006993217478634690,0.003816146784268350,1
7,4386,0.0002419030660763160,0.0002681016763813660,0.00023200794322719300,0.00013317328333440100,5.22375027866559E-05,0.000126266644819316,0.0005271921431198770,0.0026885812246533000,0.0041783335202016700,0.0041313298364874,0.006321879495831020,0.006279430057233290,0.006622286239941500,0.006925747738083930,0.004298278059032580,0.006584814933032330,0.008644470143820960,0.009223506039372820,0.005217930882136440,0.005729221975632640,0.006419350603339840,0.00449428827735188,0.0029738230563418300,0.0011291003056187800,1
8,4387,4.55204579842066E-05,0.0002475829020222530,0.0,4.10538577347748E-05,1.18616055959787E-06,2.12667012032472E-05,0.0005987421221809400,0.003543041521935230,0.004612692555764590,0.004718717592217120,0.006733301878516790,0.005054231952776830,0.007183216007510150,0.008265608830637100,0.0032815002444719100,0.0072130699353453000,0.011848974806149400,0.013402608315775200,0.00610699853220314,0.007981301475530450,0.007102116107877190,0.004425826602081870,0.002754697927778590,0.0001731144432491220,1
9,4388,0.0008641226645536880,0.0004622583932720400,0.0,7.04737046589719E-05,9.56702084054546E-07,0.00029836830003053000,0.0006590685361702700,0.0016880958442214600,0.0027710553752642500,0.0027018469298776300,0.004278020416255450,0.0028547028123172500,0.0038645983422115500,0.002977293997811940,0.0037497218193422300,0.004488180440866240,0.006385359893474030,0.005639806276388980,0.004654861230807930,0.004421740124454010,0.004228322497922020,0.003563303063587770,0.0031141241918354500,0.001095432351949100,1
10,4496,0.0029801309988997200,0.000783988512643901,9.412079943343E-05,0.0,0.00021759105632609900,0.00024177224578770400,0.0007622702895049240,0.004864111081436980,0.012625462841162000,0.018451570356064400,0.01648066105911970,0.019256729672215500,0.018239630073720500,0.017556466862834200,0.014951528966912400,0.015023307700877100,0.01740574613101270,0.015942000991438900,0.012288404072487900,0.011242064402320400,0.013918884678990800,0.012721166202512700,0.01052869813517500,0.005545148728338660,1
11,4497,0.004673273946414580,0.0005977606425055490,3.31276837657125E-05,0.0,0.0002839493072512890,0.0002906567795236410,0.0014119725852153100,0.006458519299324670,0.009081411433327970,0.012652006991865500,0.013529046057540600,0.016281466270096700,0.011824248466449000,0.01146932445847690,0.01235834526690000,0.011573848067176800,0.013488941129432100,0.014577956691967400,0.01240435484520670,0.011302471198816400,0.013545748930451100,0.009428017654900500,0.008605103538686060,0.004605106271815800,1
12,4498,0.004936478544568420,0.000930778631502321,5.42664319284862E-05,3.10093896734207E-05,0.0005553294951578730,0.0003183972643741840,0.002004836587123200,0.007353184508948670,0.009494625635409760,0.013167642381479500,0.014081892373757100,0.017713516667417500,0.009766332652808060,0.01019142338543420,0.011457827658165400,0.008938033560186580,0.014223722539367100,0.013735711897417700,0.01455590657081780,0.011160624452017200,0.01499682635887830,0.010106834324521800,0.01176680148019150,0.0036768785770476000,1
13,4499,0.002777061523940940,0.0015803823910806300,0.0005410159130616180,0.00039554031081224000,0.0002450928944376470,0.001041973755445000,0.0025841443558389300,0.011491617105279200,0.017333334538027800,0.02119677338196720,0.02088359147405580,0.02211813398267960,0.021522888687792500,0.022759254002013600,0.019027414468002000,0.021311741424401000,0.021988631993644500,0.0232228565744191,0.02054103391779240,0.018328923698581700,0.021129111421913000,0.017307118133729700,0.012174028328262500,0.00836519858132492,0
14,4500,0.005810242437392050,0.0022341258023257500,0.0008650794451325270,0.0004059991212201510,0.00026363869936738900,0.0009803255784205630,0.004153611251992490,0.01853975065363200,0.03419084258676940,0.03760231250852420,0.04418683533250990,0.039937399470523400,0.04248620300303590,0.039427348577196400,0.032904125172703500,0.03767219961226980,0.04210547173882920,0.04392964582477390,0.03395134141422630,0.033140758106056800,0.03640045336137670,0.0333421464315327,0.025429228954295000,0.01609858754596080,1
15,4501,0.0017464564415425400,0.0012753171153935400,0.00026944497515037100,0.00011200195402165400,0.00047247193552913700,0.0009339808903873370,0.0017230391951589400,0.007815446774575060,0.013743622817113000,0.014827035015387700,0.019316640883298900,0.019042742273683500,0.021812307593265100,0.02107939001501710,0.026846492279878800,0.0170096423234335,0.017676099947830200,0.020132135295034800,0.01603003030967930,0.013787156870324400,0.015097644330027400,0.012298581124635400,0.009728174586308110,0.006417069595627720,2
16,4502,0.0013923351306401000,0.0008775264650822480,0.00037223706864885900,0.00012670660451335500,0.00021075681795350800,0.00032494454992055700,0.0014743341609784900,0.0055319272591685500,0.009850713027007780,0.010394575410492500,0.011360766176000400,0.012712313135571400,0.012506142681976300,0.012838434390658200,0.011733728948871600,0.011854977723063800,0.012164622537608400,0.013053328155987800,0.011605894769042500,0.009107219481208680,0.010955019180256300,0.008132725531959080,0.006064705829453630,0.004516378107042980,2
17,4503,0.0017725837379696300,0.0014141779485076400,0.00025963351705836800,0.00010727515989143300,0.0004921628831998930,0.0006196643322632360,0.0016216637333658900,0.007916802010261680,0.011586991919019300,0.012755386875011600,0.014365414123561000,0.013840420698166000,0.01701215856961330,0.016832485577806500,0.0203401296661692,0.01299208655327730,0.013494644543741900,0.014233924943135700,0.011090933291627100,0.010651250954542600,0.010874291906486500,0.008472019856032060,0.007024667710074360,0.005471840517083520,2
18,4504,0.00034844204545305100,0.00019738205780020800,0.0,2.02504152619986E-05,8.77801336599729E-05,8.12756798756137E-05,0.0003739755321294750,0.0016695949627010500,0.0032250945164287900,0.0027107288303633600,0.003910883012224470,0.0031218029788272700,0.0034135362814544000,0.0032857896179508600,0.0021772707940869600,0.0033705030021491900,0.004818854198807380,0.004941969956474550,0.0026383769372461500,0.0036165163947798400,0.0031322354906956100,0.002380948792051950,0.0017862441399741700,0.0006223456208687910,2
19,4505,0.0008266993313600600,0.0004018605887827310,0.0,7.80856519820095E-05,3.00077001141647E-05,0.00029712589743062800,0.0006412618817688760,0.001595897992473300,0.0027904558918795200,0.0027087391228242400,0.003953203533300560,0.002715396873186920,0.0035118130838763900,0.002671012742712,0.003565900632329580,0.004009206797471790,0.005575962444941350,0.004768036922547100,0.004392949890551530,0.004162665745358390,0.0040702853388923900,0.0034778585078101900,0.002986493894260040,0.0012278447380040800,2
20,4613,0.007875688547680240,0.0014932258949499600,0.00021735459216882000,8.4779867252377E-05,0.00025465515922183100,0.0005433197584228940,0.0018514783984297200,0.012235291724598400,0.027932236006344000,0.03621232760775320,0.0334458874053834,0.04043181895221940,0.040308574133695800,0.03393514260369320,0.03324869922739420,0.029774102816529800,0.03772750436998220,0.03752683936643900,0.02273367959011060,0.031044896856550200,0.027060535285910900,0.026045695938600400,0.021701362492473000,0.012674697769649900,2
21,4614,0.0032456941627656300,0.00043621695398862700,9.77783692868342E-05,3.6640093320377E-05,0.00019828137350161600,0.0003219755857439490,0.0012826753437393400,0.005726807351789950,0.010138892137781000,0.01397489274681800,0.01624351740923490,0.01875566565176420,0.015393291162164500,0.015541460039823900,0.014170404355096600,0.014553913819972200,0.01644432086280190,0.016276619116416200,0.013420448104497700,0.012387761280491200,0.014685871349016400,0.009892540415936210,0.00951969554973567,0.004565327651537120,2
22,4615,0.0038403784880554100,0.000821100759985485,0.0001652114977019710,0.0001121442404442680,0.0002496630129449340,0.00023413289137051400,0.0012620719798909400,0.006502351521929680,0.011142288141039700,0.01305832643620270,0.01518373847502000,0.015469216756753800,0.013026817646320000,0.0117675872083884,0.013233288084164300,0.011981785211684800,0.013737178190151800,0.01524022395412580,0.013125479386610700,0.012021194678845100,0.013512045121801800,0.008391602227396970,0.009365849490620140,0.004302787686176450,0
23,4616,0.0017938555089176600,0.0009069100763552360,0.00018826727677177300,0.00023042875595215300,7.63177634863553E-05,0.001245063883930690,0.0011182556315928800,0.007876774635706460,0.01473132470013840,0.01656889093813910,0.018176033099152300,0.018242512576556600,0.018041003682011700,0.01771504559315380,0.01752632891791550,0.016173635497230500,0.01421585457929910,0.019926145687716100,0.015204061260342700,0.015045142950255500,0.014315408505491900,0.011690363482197700,0.007688088048474160,0.005299578043140290,0
24,4617,0.0054537286426335200,0.004460813965599680,0.00034749512799176400,0.0001312004203467370,0.0019783423620680500,0.0029189873806097600,0.0037232211174246200,0.02030816387190760,0.030295687122316200,0.032128844655817100,0.04775721123268560,0.0410086501223523,0.05688437918197110,0.05443566483240440,0.08354227501656820,0.03391286050961280,0.03673815734343960,0.04358474894436810,0.029092620189825900,0.030306646787290000,0.028699552218263200,0.02288045292061940,0.022486040218633600,0.014580602129209900,1
25,4618,0.0037539849555188200,0.001854041757562370,0.0004878045100109370,0.00019094262491059900,0.0004540778409892200,0.0016859190774984300,0.003178463253613450,0.014534401709757400,0.025994637023430900,0.030051687503554300,0.03602544046560370,0.0360051848198329,0.03402747285533700,0.032982483673281700,0.03700786404608720,0.027810976854025000,0.032876363824714500,0.03561855155084250,0.029676845567197200,0.030700663542022400,0.029315230844632400,0.02678555652489600,0.018172734730224200,0.012490340621168600,1
26,4619,0.0052795097897859000,0.0013529838213921600,0.0008601151018515340,0.00011320558194182800,0.00041230732151540200,0.0005808325594590620,0.004168977204257460,0.014324967403831300,0.028613599075603100,0.031473879916529300,0.03524797634027960,0.03406807791014320,0.03181316486491920,0.033837133092899400,0.03013732587826470,0.027289587963658900,0.030723353554139600,0.03565940687555410,0.03157179998533070,0.03076831478626170,0.033137128909391000,0.03000918672272630,0.020439150237405000,0.014449720769274200,2
27,4620,0.0022257893229858200,0.0008381773313832610,0.00011906711824438900,4.16557757269169E-05,0.00022019354929999500,0.0004170900200663310,0.0018070878770473900,0.0073543531516496400,0.015600727797227300,0.015902081891374300,0.01659875707213950,0.016568809966165900,0.015339547166672200,0.016866293426167300,0.017626139117035400,0.015556662236136300,0.016007773592797900,0.017893560845324300,0.01652672050299700,0.015484503052035200,0.013948251602923300,0.011790316696273400,0.007733221978010460,0.006673208536681040,2
28,4621,0.0005226014416339630,5.94036876647451E-05,6.14224591413546E-06,2.30870899135333E-05,0.0002236040894993940,0.00014466353276309700,0.0003105736217349420,0.0021939383744282200,0.004758039840244660,0.0037944026137093100,0.004955863825297440,0.004164352354691450,0.0037979666385988200,0.0029217543538216000,0.0027347577587218500,0.003048524107873560,0.004270959639975780,0.003684897861930020,0.002268354743945040,0.0041412362148162900,0.002534932276861590,0.0032465992146077400,0.0019465678985174400,0.0005558716696728770,2
29,4622,0.00040102494949572700,0.0001165947982262120,2.98615966920308E-05,2.55451065897318E-05,0.00011078849259440000,0.00021293477702390600,0.00045963007860182700,0.0017006953015424000,0.003683109377368360,0.0031503272809014200,0.0035338993946423600,0.0036153424869392600,0.0032960082920062400,0.003016589225956470,0.002891717749238550,0.002662828574552470,0.0036198858309964300,0.003942833913785830,0.003106689769712270,0.0035795449147836200,0.003395425584342200,0.0029332861447226800,0.0016213850579704200,0.0012607444691644100,2
30,4730,0.004520782207870450,0.0011963476902146700,0.0002782928160511560,0.00010951389994480400,0.00015978404728114900,0.0005799449285114720,0.0015201156229414500,0.007681887240569640,0.01568807909449080,0.022113349455052700,0.019362559126429500,0.02526896390452650,0.02647693849173110,0.023062734408830500,0.02360063828905700,0.019338353353485100,0.02402459092737120,0.024348085970762900,0.01433198569170110,0.01692331001439330,0.01674694573942950,0.017091229740849600,0.013049842373910100,0.008760193358003970,2
31,4731,0.0022796721282858100,0.0005389138335803590,0.00042744047453057600,0.0002954247108574430,3.09856945393151E-05,0.000670149257456977,0.002005754407280870,0.007911162698174630,0.015990406367274500,0.018740491401823500,0.023728572911768100,0.02567060212865160,0.0251208524791238,0.023823184277985900,0.024854777744124100,0.02292952609519830,0.029411989012939500,0.026857367150435700,0.016911729749563100,0.020379695470679900,0.020589067074435800,0.013555409169984700,0.012123656375757000,0.006291666924630710,1
32,4732,0.00256025843119161,0.00109104753957058,0.0005244125060381990,0.00015025963096450400,4.28674988747341E-05,0.00028561473653220000,0.0005925605334081030,0.008866037976919220,0.017234172690311300,0.012894250682557400,0.017558408525632800,0.01334050342803630,0.016525039805236000,0.01795782506855310,0.020707726989348800,0.016909026881011700,0.016908894793631200,0.016400834322894200,0.011456935611665900,0.01316829960765130,0.013111375965100100,0.00699299306850442,0.007967471583220260,0.005159791870002460,0
33,4733,0.001227984669656670,0.001006148854111470,0.00013511377213264200,2.90090835073474E-05,0.0002636708680185760,0.0008635171572075450,0.0007313227298984620,0.008159794826091140,0.016250966340704700,0.015303112203779300,0.01810777216920030,0.020183674477120300,0.019650168388967600,0.01654673636007780,0.021341026400074700,0.0160800669637484,0.013203397785171400,0.019586115415505500,0.012366955715590600,0.012641231948509100,0.010961326720827100,0.009886119387902210,0.0077284619519574400,0.005159507913265040,0
34,4734,0.00312247329846179,0.00278201119079079,0.00018981140878984900,8.90416542864365E-05,0.0013901280948079700,0.002103169318820960,0.002833054621176890,0.014014015059101200,0.021209986354162600,0.021882950162008300,0.030801905109303400,0.026747094315147600,0.03821042395517210,0.03782155057441890,0.06127142518236780,0.02315848266271450,0.022576688716782100,0.03081758342381090,0.019818809596994500,0.02008091939166080,0.020515406649614500,0.017715005533957900,0.014127991624925300,0.008892350452040230,1
35,4735,0.004244051819801480,0.0012188381142468200,0.00047703271829251300,0.0003280531050057730,0.00010766726833185200,0.002015617253249390,0.003268284042411680,0.013169878042723000,0.021987022538961800,0.023528046393135800,0.024324103222944200,0.02487281516018670,0.023654207528181800,0.029435706233265400,0.025495734521877200,0.020491747470571000,0.02374710511039380,0.02891046978813810,0.030581867697230100,0.025081050658948000,0.029669627009280700,0.024331689005112500,0.015812982612745500,0.011446292363500100,1
36,4736,0.002844226809525260,0.0002615254672646170,0.00023753672265093000,8.15642269688722E-06,0.00018997980701562700,0.00033758845292593000,0.0023030277266466700,0.008295770030874190,0.018218066560057600,0.019922855120745800,0.02366102581197000,0.02273106954554990,0.020163918340414200,0.021569267343768100,0.021204961560793400,0.01591234706168960,0.019387554273101400,0.02162912353913870,0.021178558865591000,0.01858146262255830,0.021018264264755800,0.015566420350780800,0.010296061077869000,0.009341159396140520,2
37,4737,0.003161248189686700,0.0007181653548919100,0.00045923389301462600,5.84043049178827E-05,0.00020349586703022400,0.00026701611507103000,0.0021369063748424300,0.009901363977413480,0.025919542488538500,0.02760694789855030,0.034883332119037300,0.03410436147360190,0.03037910876290060,0.029874086709559400,0.030584670462321400,0.030060655450327100,0.0337977019207786,0.032337630040986700,0.02783211932435050,0.030295143839641300,0.024794028816925400,0.02142000742171120,0.015195967474478700,0.011835991723234100,2
38,4738,0.0016494534534978700,3.39597563605334E-05,7.35810700895175E-05,4.76958395138468E-05,0.00016168907002094800,0.00010040499251448100,0.0008896145959014190,0.003899003765602010,0.0074665836452718000,0.009310616458173770,0.010368567380574700,0.008267760022433850,0.00970343763200416,0.007732982456143350,0.008097821598515500,0.00976697137049614,0.010221812071102500,0.01063483454076930,0.007009411684110140,0.008443458421041620,0.007110938477389370,0.005703569123195690,0.0033497190691008400,0.002764257078908980,2
39,4739,0.0005453408457398810,9.48356909070263E-05,5.40037833289503E-05,2.31766136824935E-05,0.00023308052442098300,0.00025291125794054700,0.0008951551139096690,0.0026587524448001300,0.005078180386759940,0.0065124760681363700,0.0060735121621981200,0.004908981664850660,0.005352700422374980,0.004798396521847900,0.004971933693021410,0.005199956560572030,0.0058782513022283000,0.00609373698135233,0.005191017029167950,0.005581213371862820,0.00614845356864966,0.004159866423110640,0.002608709083929610,0.002205089556118620,2
40,4847,0.004128256030215340,0.0006263649977864040,0.0003713311694164840,0.00028566590452438600,0.00011572922078986500,0.0007045976661829690,0.001419597021218100,0.009276033229001850,0.021330010166829100,0.02679144343414020,0.02667354101031280,0.02556530899001650,0.026481078528952000,0.024232880854998100,0.02553257035491240,0.02438546256140450,0.030154887111478800,0.029497149172140800,0.018600314992801300,0.020525692703873200,0.018471583944975400,0.015158965535865400,0.013696785526897400,0.008235576726532450,2
41,4848,0.002701891467931180,0.0012843774853073300,0.00045072490104318500,0.0004035554616468560,1.88914825256429E-05,0.0002481329515199580,0.0019405293323696300,0.009438786024923330,0.01848368195484600,0.022029572164075000,0.02720341814466900,0.024963236581734400,0.027345171207805100,0.02507004273329560,0.027330590724252600,0.023569548515203800,0.027400148332431400,0.02576274611159910,0.016774037015288600,0.021307810617554500,0.01994022452010220,0.017965061881073600,0.013847391021915000,0.0060670469545332100,1
42,4849,0.004502310440729,0.003836330392694080,0.0007620241613477130,0.00022035941481610800,0.0014211565481510100,0.002066568611143900,0.0037236918719622100,0.023275635375325300,0.030265115129607000,0.036006350128488000,0.052168930056165600,0.05210458534755880,0.06253097286796640,0.05489459174823050,0.08522606346254290,0.03768838570414470,0.04453474336148930,0.04985491591715070,0.026514751744952300,0.033240749231982700,0.029386967781190500,0.02348020873038220,0.02229803989300670,0.013344559867053000,0
43,4850,0.008588888032108140,0.0040203906953215100,0.0001985763913471690,0.00041881380321089700,0.0004555272363946070,0.0036431005866067900,0.004059355111761810,0.028304687957046300,0.06486036153522910,0.0709269783420203,0.08787827184804400,0.08559481176660080,0.08315466304210380,0.06625136672809420,0.07306320592389630,0.07037505220454630,0.09102005464673010,0.07785289324088430,0.06444668575956410,0.06411542382454100,0.055168375764350400,0.044600190071212800,0.04263277927161570,0.026515582554745700,0
44,4851,0.008956613585699240,0.0025612429207845000,0.0004126886373295650,0.0008911058412162120,0.00028401235043988900,0.002553672768197360,0.003495813842632650,0.01578178610333350,0.03759495379348800,0.04181073453097770,0.04231873239845070,0.04685159011160690,0.04890878002888980,0.054397261265394800,0.04333388536909190,0.03657794371518140,0.03914944967081520,0.04508478958854860,0.03955811294418990,0.041718435812923700,0.04790441454429850,0.0360014389710996,0.021203262896224200,0.010424389848754200,0
45,4852,0.0041744703130180900,0.0008576944850880100,0.0004927867836404410,0.00010872369931181700,9.4122758679446E-05,0.0011133742215310300,0.0025823384215433100,0.010487829761475700,0.02307786996805420,0.019817216947136600,0.02421597836610120,0.024079379942937300,0.02278491324029320,0.027539496676297200,0.02195723280290540,0.019003014057391800,0.018695761164922100,0.024968234875659100,0.026343685445088400,0.019961526628670500,0.025091370840048900,0.019512641797796300,0.013697911231737400,0.008481911550690600,1
46,4853,0.0030332853381172800,0.00042325820386941400,0.0002769224544389560,2.90182127881039E-06,0.00020495797204318100,0.000312839130004516,0.0028369894695997700,0.010646234378196200,0.021175811486485000,0.02285413321598120,0.02889951498006640,0.0293029466233921,0.025473947559582300,0.026740305563926300,0.026356375507429200,0.018682120837291100,0.024023581049728400,0.025704190158210500,0.0277601992361662,0.025646530493756100,0.02473197355357340,0.021415594925166800,0.014796617042322300,0.010006793851109700,2
47,4854,0.0031054690209245000,0.00040256603679764300,0.00017649960306271100,4.53998508594037E-05,0.00014035069318209700,0.0003716379640486280,0.002807367448510800,0.014256423910052800,0.030143394552230100,0.036323386180101600,0.04775120242636200,0.04241784842952500,0.03952050342128370,0.038003273742690800,0.03872376067063050,0.030762601737241400,0.03608077259561560,0.036072550247447600,0.03795903373693880,0.03668969177766170,0.030425712924863800,0.024622173448797700,0.019156557377255400,0.01366592897962700,2
48,4855,0.0013313450503174400,0.00011131007155531700,0.00018326233303448900,2.18932702397379E-05,0.0001434973526701620,0.00021731685673778100,0.0013750374789936000,0.006082073343560770,0.011879170404138400,0.01598533414116630,0.019053910763427100,0.013951657543571500,0.01405641794073090,0.013244556957348700,0.013629130803688600,0.014383852182992400,0.014485864182571300,0.015738543504632700,0.012595232998498700,0.01260903765276240,0.011353378030762100,0.007212674946626530,0.005194878447629990,0.004930612266652870,2
49,4856,0.0007000547997348040,0.00012148608341727500,0.00011699373303401000,0.0,0.0001569253838249420,0.00035719806701838200,0.0011203377774243300,0.0034235150485952600,0.005932841058787540,0.010151758299541700,0.00786004870740116,0.005497426910168680,0.005421621970327910,0.006290499202342350,0.0062935736959102700,0.006440430637483730,0.007798852314177400,0.008396047501063590,0.006971049179911120,0.007045182029617310,0.0076442790819955500,0.004518695702618760,0.0030816410418063000,0.002168644242268540,2
50,4964,0.004537347885445070,0.0008155087871641290,0.0004962788160380540,0.0004676570762934230,0.000440548134374911,0.0015247947811380400,0.003711545961739950,0.015593930133294000,0.04381718447301560,0.04138280263892740,0.04486527407758500,0.04930815847814230,0.047965049542179500,0.04144145025782400,0.04404087572759890,0.045579916031572800,0.04842673192942240,0.04829920811719630,0.03022061201421130,0.03801362553194410,0.03456479796326970,0.029963665682647900,0.02724456348653470,0.011826755388216000,1
51,4965,0.002463944300489000,0.001341066299970730,0.0004707754839794060,1.47443381968581E-06,0.0004937138324897100,0.0009752421456767970,0.0023467541975550100,0.012880797501558100,0.03480220437706190,0.04294019577719110,0.05380423414784480,0.05446422228494460,0.052366206746170600,0.04885542394105900,0.04418828185064190,0.04121095652877790,0.05154897308901860,0.047555898507697700,0.034452024206096000,0.028876753265844000,0.02467149559317220,0.02402770555588670,0.020285610562023400,0.007285750730016900,1
52,4966,0.011829732269453800,0.004271031531136890,0.0031415033429807400,0.0005776340594861470,0.00029906143097097700,0.00244772587349134,0.008081573970686410,0.029093466744363100,0.07041014588187640,0.06687304771932920,0.08054719639345400,0.08206730859477560,0.08394735798951360,0.0890700422778416,0.08137058644358050,0.07754812068733800,0.09039843867157420,0.09106637560561870,0.06720723655305580,0.09730748457499370,0.08165852644627260,0.0714491919238186,0.05041350897528230,0.03716129865077980,1
53,4967,0.022722544601627700,0.005958682604788050,0.0022182958603862200,0.004010259201523240,0.004225884143995090,0.002078827053444590,0.02408255862452150,0.07896029244585560,0.16983382443293300,0.1743285708287760,0.18194811272485500,0.22709643523964900,0.23307221634441100,0.2349113518206750,0.21737296373998400,0.19083619164693300,0.22234157835509300,0.21689363431035600,0.14876904293532600,0.19041539669543400,0.18640999033651800,0.20133836178051500,0.10925875369836800,0.10883179177926500,1
54,4968,0.007303365520799890,0.003959010226603890,0.00025112596106701700,0.0008017040353866040,0.0002963860725752820,0.0022606137698830900,0.004554820006181990,0.01868380467852300,0.041916561854350100,0.04701719033191300,0.05320942774392120,0.05606053822498250,0.05522302054706600,0.0604979939780746,0.04639359671000050,0.047637332727609800,0.05132716755673890,0.056813645591682100,0.04305497629408090,0.04840465680876150,0.04871308208029470,0.03918706905889670,0.023469052003645900,0.018098516391971000,1
55,4969,0.0022294621549148000,0.0006837265937621170,0.000185262271975695,0.00021646131449690400,1.8620089090676E-05,0.0007573825933945070,0.0024099157317846900,0.011213264618355200,0.02584107446520140,0.026633532840570400,0.0322959936583038,0.0394653737290353,0.03260816396949140,0.032394076219961700,0.02672955166869860,0.02738282091588520,0.02734354681635970,0.033382523153578200,0.02574630441025240,0.02366977750867150,0.026170305460250900,0.02102783153980160,0.015027576577657900,0.009113714487022380,1
56,4970,0.004128161712492000,0.0004436759658832000,0.0005890554679900540,0.0008913126993304470,0.0005783929182737860,0.0004306232807700700,0.0030976972911954700,0.017309011065484800,0.03352100200718900,0.04182332562541170,0.04801897972305540,0.05638918836237930,0.05248949167109310,0.04573082354345120,0.04672246825363850,0.03557040806021840,0.03964032749955050,0.046116585760747400,0.042551675316277800,0.03647246467283990,0.03804222416390180,0.03105386677447120,0.02159766352105600,0.013094502313168600,2
57,4971,0.0032461163532226600,0.0004108244051010010,0.00027969551547163000,5.73373760776172E-05,0.00016306418407779300,0.0004135341086375220,0.002294782647710010,0.013399695808363000,0.031099234334534700,0.03821452726829270,0.04923313018263920,0.0467828146936333,0.04444064143959050,0.038498305536779400,0.03819193102633550,0.03234779469408390,0.03686946923408350,0.038789605964652200,0.03153472808574320,0.031094786173756800,0.027181124485060900,0.0212951753946852,0.01650512285420840,0.011529174323668400,2
58,4972,0.0006521764594531740,0.00016606911353521000,0.0001611044323271500,2.79850972480644E-05,4.39761132523197E-05,0.0002582551222189550,0.001003104313534320,0.003388379094565880,0.005877676589544460,0.011391826745814300,0.009753147772216290,0.00645793796223061,0.005869684820303590,0.007893130928346860,0.007926650490953280,0.010950421280930000,0.01235168049319870,0.011015146270880400,0.008707557121323250,0.007880913904653730,0.007160792832127980,0.0037115844551565800,0.002846725100146900,0.002114844633568650,2
59,4973,0.0009628067879220640,0.0002998750919427010,0.00018630215296039700,3.65367993082892E-05,7.51921695468853E-05,0.0002617420158134230,0.0012859152470545200,0.005211725823501910,0.008635177724973850,0.011869539457211500,0.011126537246205300,0.007252639343623700,0.00797324344451442,0.009180010562934410,0.008481463306801230,0.009099756681138520,0.010647779157820700,0.012491651914391200,0.010497484914832200,0.009485546733249620,0.010392093158070300,0.006752848289360520,0.005397046886977600,0.002439455169394920,2
60,5081,0.003359051301407750,0.0015284580990565500,3.446648070933E-05,6.25827751736313E-06,0.000520950995309365,0.00036454638411506500,0.004935644368688930,0.01392808953859660,0.031290395518056700,0.03114006355057970,0.042140471226836100,0.0378336021416998,0.03911675665481350,0.03839709487867950,0.032482088212450100,0.039627917756690400,0.04466309203246110,0.041911643498457300,0.03030346517377680,0.034894845690487300,0.03110636373035240,0.028271905713544200,0.01683101928110770,0.011736513920484600,1
61,5082,0.003018352550459200,0.0016307267791859500,0.00015785385609206800,8.28675065911338E-05,0.0013699497218259800,0.0009572289943854890,0.004240158635172650,0.015325454351312800,0.040585439481240300,0.04008476354768440,0.05401202285092280,0.04985745222306330,0.05175009607010830,0.05450651958522100,0.045274529975540000,0.04533667882704210,0.05362939869780810,0.04790585242527740,0.03553703971359520,0.03579968588947080,0.0299240073640384,0.03050732972965050,0.02251312263308760,0.011057806519536900,1
62,5083,0.045103938618317000,0.008781353505233310,0.012256709963993200,0.0006845587267998060,0.001048235355388690,0.0034494366814811500,0.01442475157143050,0.10805673215715400,0.2567482325216640,0.26318882573193700,0.2916476248520830,0.30605104008886900,0.35701098474138000,0.336126147131167,0.3060608170634340,0.29349874600604500,0.30710732069686200,0.3226461301293190,0.22850970407536500,0.2682027025485760,0.2650394413816630,0.26630370297006400,0.21514402168847700,0.14900650690911700,0
63,5084,0.05268458326355630,0.017199349861294900,0.01175352712817270,0.0005681139741690780,0.006397148210222610,0.0036896350226202700,0.03329930257785730,0.16576848261266600,0.37421209797983500,0.4141863054998050,0.5160085706281400,0.5040017005069450,0.472708413588151,0.4662106039696570,0.3984410080543510,0.4288112587763040,0.5094873518657740,0.4579796009915950,0.34317930828572100,0.38941299568101900,0.35192110271133000,0.3679406514723670,0.2701146317636860,0.22868614232602200,1
64,5085,0.00821465877338055,0.0018730316505814500,0.0027994405393304800,0.00020476011563123800,0.0006847969870024770,0.0012048725179455600,0.004578329643798820,0.035327302763006400,0.07142235792363560,0.0832094070532567,0.08389120295388000,0.1082538047709250,0.09422597116818440,0.08452562283384200,0.07990021163264560,0.07349955554134340,0.08453508415654670,0.0903819777010744,0.06844636198095480,0.06724833864243360,0.07049969519186680,0.07918963533991090,0.04828814551595350,0.04610888391242130,1
65,5086,0.005331596202559450,0.0010026417287217500,0.00044632240111577500,0.000715674931941876,0.0009277460007294760,0.0004590720709055320,0.003431255433914830,0.019598172683109000,0.04833913914499890,0.057334149654095100,0.06245030788271670,0.06944893881030190,0.053225124357916800,0.0629668942068014,0.05784691457223400,0.05864635686090280,0.0651556059002687,0.06216501424836490,0.055395898977349000,0.06098134676628190,0.04759586740540080,0.04067843859060260,0.03479661772703990,0.01851679200830260,1
66,5087,0.003438939303004940,0.0013593528032857600,0.00043202573616162600,0.00030896739412172000,0.0003951682159672790,0.00040860302251075500,0.0026092364117043500,0.013704870829952700,0.031343682987725000,0.036874287456179,0.04041056304115650,0.048868340488052000,0.04700591761736070,0.04375644597710190,0.04122112140300970,0.03935360454250880,0.04053587498449550,0.044173212650050000,0.035774952403321400,0.033343302209221500,0.031482617607235300,0.026836135500499700,0.020913799803988600,0.012082799112411100,2
67,5088,0.004547868024737990,0.0011251583717674900,0.00011442904679552500,5.73548614510314E-05,0.0007218816391626360,0.00043980443367630000,0.002130333975720370,0.01718779993133830,0.038306754004230400,0.04152321060267440,0.0467544139008658,0.05354950469067340,0.05245104511378940,0.04964788453277850,0.04307843458784810,0.038841239520947600,0.04426297843994690,0.04795805802747730,0.03668158206075470,0.03745338754126220,0.03226872540207480,0.03305429734011570,0.01987878298300250,0.016442458023298100,2
68,5089,0.0012565333823255900,0.00038034178866446100,0.00017897069931747800,6.20980870041814E-05,0.00017271986692922900,0.00020280190874229200,0.0011401990784913400,0.005408172972412130,0.01045688846341370,0.011786034711091500,0.012436422936406300,0.009218993911697750,0.009405403446244390,0.0112007473459436,0.010008622691728200,0.010816851261780600,0.012025652646384300,0.013951138993059100,0.011848450166592600,0.010706779507293500,0.010612743447682300,0.007661285979201650,0.005769925278293420,0.0031249017047222300,2
69,5090,0.0008728063685837390,0.0003147871329978540,0.00020656786213814500,6.16229408376781E-05,3.79468337466067E-06,0.00037260423635017900,0.0013200839485800800,0.004016670783142960,0.0072531874529146000,0.013439290936185500,0.010872809837798400,0.006522581346624810,0.005361721438461840,0.0077960745201244200,0.007588942707856350,0.01002975087215650,0.009666662458357910,0.010384579033948100,0.008582381430705490,0.007110962376567990,0.009195048070110800,0.004372929175541690,0.0037386697121147500,0.0022382845544524500,1
70,5198,0.0068186545361444700,0.0011483259688032000,0.00026951509534513,0.0002378816782148950,3.35948788622669E-05,0.0006045126735593980,0.003212741856285340,0.016101759520380000,0.03813073814392840,0.0366345748290678,0.046024974495175,0.04645002278014550,0.04285484732265270,0.042750828921168200,0.04705309168944280,0.056591822769652600,0.05458855787216920,0.05062016811853800,0.04296238708861330,0.04923004170241470,0.04147331730385780,0.034392265484159400,0.02493653336320620,0.010356754035464400,2
71,5199,0.00840181718247082,0.0018044747239953100,0.0013469970946171700,0.000662834765375537,0.00029292073933388000,0.002156651610515300,0.0036236120688660400,0.01983144355846470,0.043327329173452900,0.045131471937318400,0.05311390463457810,0.04935100971959050,0.051774311746166200,0.05243205486412620,0.052622021285316700,0.05508077921677880,0.05571990536551670,0.05430863312971680,0.04439701108175920,0.052272575309943400,0.043596784971682,0.04276664471836480,0.027859503663214400,0.016186004061313300,1
72,5200,0.04831253571384600,0.010465793896659800,0.00844161577270139,0.004643874901997560,0.00568596658693614,0.003193144483744830,0.019013482740041700,0.19323893843634200,0.5038618843728370,0.6806713197270410,0.776513950361234,1.0,0.9509537131288780,0.8919694519966370,0.76947558004236,0.844684929841703,0.8332680154709360,0.9207428861242090,0.6330994351838170,0.598326205661541,0.4502742944423420,0.49711273827435600,0.3374415092105040,0.2521916383369840,0
73,5201,0.052278623637480900,0.0137613365057881,0.007415861623498370,7.41350487874153E-05,0.0047280293029335100,0.003066105369171710,0.01844173086669960,0.16402074318888700,0.3982270147435900,0.42140498302594100,0.49046213493574200,0.4671679297634100,0.5113476453465790,0.5174882991930650,0.4108130118865950,0.4740323456082880,0.5067596791064830,0.4838366800877620,0.3473970606386030,0.45212689241456200,0.3189247442001090,0.2819511470414770,0.2231570247491870,0.1713326421963580,1
74,5202,0.006300456311102520,0.002090583304160750,0.0009736082119358650,1.99710306282084E-05,0.0009337164126124990,0.00067900830836509,0.004091094581595590,0.03831189833996750,0.056148663161086000,0.06337472034385410,0.0627569728227431,0.07613663233382990,0.07800797206573870,0.06668034109537880,0.058113629845143900,0.05045854546934140,0.05396898037227670,0.07069059413111700,0.049872434629898200,0.05094846589949140,0.052422713827526200,0.05221939743701640,0.04264687183389660,0.022761904456217400,1
75,5203,0.004685266330370770,0.0008265617039006290,0.0004758886878378730,0.0007120357107840680,0.0006886176826404630,0.00032386152106760900,0.002584621770217080,0.0120588359968266,0.02937610219193460,0.0350383618579041,0.0384053255728829,0.0414656120261845,0.03673105977070040,0.04115470627206950,0.036287281180740400,0.03629246001144180,0.04037089202088350,0.03961801825339720,0.03908264720074740,0.04234566748639720,0.03332078374155470,0.0279620256706226,0.02491071956472620,0.01414386255357530,1
76,5204,0.0044029086376815800,0.002247968200002520,0.0005898021530670250,0.00031598994330520600,0.0005469763900616970,0.00045834038200993700,0.0036329466057389000,0.014785970682887900,0.03594502430997090,0.04168469284557480,0.04749321012800690,0.05418201016072300,0.04822397880295930,0.050768007434242700,0.046697636993978400,0.047105008802167300,0.05042311865756470,0.05253888922292800,0.049549962792707500,0.05027778801041610,0.0380575410144512,0.03275953343007410,0.03211570252565280,0.014330437036445200,1
77,5205,0.007838482665481920,0.0014069068758477600,0.0007301211496085330,0.00040355285589584100,0.000740827615836836,0.0008340936878666390,0.002753986424735290,0.0201863925234836,0.04781322801103560,0.05722471280424530,0.06348361257753100,0.06605428410579020,0.06686745680836480,0.06937813604740050,0.06520527953389880,0.05781846169897700,0.07087427342859980,0.06438444899660680,0.050494167131926200,0.0604162619549168,0.04548353855601250,0.04049473514879160,0.029462724807412400,0.023544365915292700,1
78,5206,0.0010651211110758700,0.00030578907761593300,0.0002740202195883510,4.30186587635242E-05,1.39219022887837E-05,0.00032524534646084900,0.0011461425061546800,0.005336617552485560,0.008694921801825550,0.012236453221624800,0.012893052437827400,0.009257975454786240,0.009985418870020720,0.010036096477290600,0.010818477100400900,0.00983726013855182,0.011249992213298200,0.0134496394106243,0.011101752152929400,0.009963926003874440,0.0095670485367112,0.005982964331695750,0.005026862376399580,0.0019357196963656000,1
79,5207,0.0006021311298348730,0.0001880925877257680,0.00010858628463471500,2.63625064190027E-05,8.3333953219398E-05,0.00013457775049283300,0.0010153496884124200,0.0032705684628872400,0.005487762801280600,0.005353887683132760,0.00758072728812764,0.005516815984623120,0.006109447365938420,0.005300089090997270,0.006719569368162060,0.005479005125630030,0.005270396685894960,0.0077548356528556200,0.006424306296189360,0.005327969996018810,0.007012113655473590,0.004154481021625010,0.0034653388246183700,0.001965400412059140,1
80,5315,0.004470024556865240,0.0010654647237910500,0.000556184589197356,0.0005878523464826550,0.00028806794666358500,0.0010229316717246400,0.0017974178381247300,0.012629407915684800,0.026176834681422900,0.03124495444438290,0.03747065284982050,0.031145839017958200,0.03548072812722930,0.03143650069444440,0.036072998956516500,0.04412532027760720,0.04976928637640200,0.042371269581103900,0.03470640680721650,0.034920409132333000,0.02786591939516510,0.02673936675635500,0.015742676570964000,0.008115700056250940,2
81,5316,0.0036550040957267400,0.0018314456237177600,0.0007319380784612430,0.001680144013223240,0.000682977513400341,0.0019301717005055200,0.0033225060672557300,0.011222516867869800,0.02884440879599470,0.03387377778166490,0.04894579501536600,0.03741734809734370,0.04125820621943170,0.03409935486903760,0.05479268654410430,0.039621332735419300,0.05663827671351410,0.04613856960052140,0.0429830656439172,0.04065551816320660,0.038704836019829100,0.053890786860372600,0.02685579455851480,0.010042090379630700,1
82,5317,0.034459584678077100,0.003632518561262970,0.004552185443658390,0.0017026880103108700,0.0016127485175340800,0.0016762862411928200,0.009553079158678410,0.07899332509984560,0.1936796890097840,0.1973521355714840,0.21462273285673800,0.2099133537602720,0.2113682486582540,0.21405811776355000,0.1957452946487910,0.214758871508221,0.232470328221087,0.2335642294017760,0.17747784071505800,0.20745909417211800,0.1666020903984070,0.1404531477271760,0.10866095922681800,0.08307377783740480,1
83,5318,0.01507256563977550,0.0064656642452529600,0.0034560864259373800,0.0016333913793440900,0.0016002997189837700,0.0016566613742038200,0.009718970664863790,0.07117228131286110,0.1571140357376670,0.1538471367624580,0.18859896388329200,0.1690850771403850,0.18710698457397000,0.1806281002188670,0.16327921760824800,0.16012806195142900,0.16966262147424900,0.17705496323954400,0.15035783380360300,0.1502828441959310,0.11986357661513100,0.12272546191088200,0.0892831054537805,0.0661849725439764,1
84,5319,0.005120728216297970,0.0015686490204364500,0.0004525467385068080,2.21623818075482E-06,0.00018822148009360500,0.0005535270102728680,0.0025695365407931800,0.022666755482662100,0.03190738896659590,0.04358867127099120,0.038739723823572200,0.052393699451699800,0.044758166718119900,0.04254871592176230,0.036977286508555700,0.03202809332065530,0.037834584749960000,0.044292133656241400,0.02957053404029470,0.03809919826780520,0.03813154963838740,0.03919951039038180,0.01877648192910500,0.01976280960533120,1
85,5320,0.0035946951766406500,0.001481451979579820,0.00020138326955384200,0.0010063512092687500,0.0006231806255397140,0.00024220297194681800,0.0017565748942878300,0.011269763513156700,0.02480020147643980,0.024927170501661500,0.028748998421641500,0.032162104275836900,0.026277019246791600,0.03039965037317920,0.02710495401097260,0.029336572434549900,0.035397183524996500,0.02983971109612730,0.028420987012645600,0.03516097156338260,0.025031964857716200,0.020315994775062500,0.02488702652685250,0.012230110498091400,1
86,5321,0.0005773396678665080,0.00026139414126106200,6.3447650481298E-05,0.00013453530362545900,0.00013218587182512200,0.0002956603831323270,0.0006117443225792790,0.0035633174013623300,0.00951572696013333,0.01205772834602610,0.01702500008504160,0.0179980793737557,0.016379215507201200,0.013785132217790900,0.016524207602820000,0.01508234367399110,0.01733853784374620,0.014750939029576100,0.010833164766183700,0.011472446233481700,0.009947711388844290,0.006753164744280890,0.00768073865131908,0.0031639673826066700,1
87,5322,0.002013307407269100,0.0008563665993639,0.00012181772344087700,0.00016993616248000200,0.00019965119894716600,0.0007023344937653170,0.001563553508470230,0.00954013775896945,0.020375330063830700,0.020552796302667300,0.023449257814455600,0.023169641235866500,0.022903259417855200,0.020752914088217200,0.0218708418776554,0.02051266120441970,0.024203020020434000,0.02414311111841150,0.01843706644380120,0.016777234191038600,0.012105386654510000,0.012195622264755500,0.006383273091181540,0.003957739573257330,2
88,5323,0.0018125268877428900,6.43107306637453E-06,0.0005127649907750190,0.0,4.11816363025378E-05,0.0010070378735150300,0.001183325408394450,0.007190603767904830,0.012415622723309600,0.014496793938325800,0.013114876561366800,0.01142138113435420,0.013355288451313400,0.01241830356309040,0.018834131801916900,0.01142358944781930,0.012928885190382600,0.019723544466044500,0.015246853636461100,0.016590615650803100,0.008005209406502800,0.006704611179581880,0.006182878645397310,0.002467644920961310,0
89,5324,0.0013943257985111100,2.09440835761853E-06,0.0005058981540794300,0.0,5.89336315166368E-05,0.0010674540991865600,0.0011585511112565700,0.0067999572696926500,0.012159964875310800,0.014102654335053600,0.013630527037967300,0.012148553934357800,0.013138951906567200,0.011458846336429400,0.01935304979796200,0.011347049391133300,0.012444838234115400,0.019002860399128300,0.014710968921403900,0.015002719514931600,0.008423352596898910,0.0057995028323938200,0.005716946150657790,0.0029137569565770700,0
90,5432,0.0026752627094754100,0.0004851256772090730,0.00012773672577308400,0.000170522674387775,0.0005422689575109180,0.0028734790330538800,0.0009214385145143600,0.009596620360290250,0.026138836137684100,0.024100810540850400,0.02721771353913310,0.031026119122103600,0.029023165420213400,0.03326914516078960,0.03519910997593540,0.03052883376202280,0.036077948271798100,0.03645115229790700,0.0255013539204202,0.028346841816853900,0.025720618630678500,0.022103249043885100,0.019284789594238100,0.007499135679757240,2
91,5433,0.006429968760161680,0.0014430213547444400,0.00015277840862397100,0.0014755662014681800,0.0007086933568621950,0.0031237594397297500,0.0047928813044434900,0.02386880045579830,0.05044150486637150,0.057177598783240800,0.05826072743726990,0.06253304774930290,0.057481918228421700,0.04942528038218670,0.05506768743385310,0.05510005579334860,0.060956826388022700,0.06824511479561290,0.040738579714087000,0.0399263793308055,0.03438779567905420,0.026699131104433100,0.01763772338584640,0.00890260027538099,0
92,5434,0.01188314725017720,0.0031310777821496100,0.0035034714282446900,0.003338598832582080,0.006375636395847070,0.004619364451302840,0.012100787540710600,0.05791828915244830,0.21435873516711300,0.2607591747733750,0.28884352354927300,0.2932264342317920,0.25779079968035200,0.26101004512319100,0.2667165631622370,0.35808841425832900,0.3043434907603970,0.2815754565533020,0.20119860596491900,0.12016366085603700,0.08953332003624230,0.08432192428130060,0.062169965080757300,0.037724644645135600,0
93,5435,0.005478578893347370,0.0027551169562943000,0.0014695192828796000,0.0010332838565063600,0.0009609079253503810,0.0017891625982878400,0.0047657312805708400,0.026470395643807400,0.06900654188964470,0.07444564231557720,0.09476966661603470,0.09096124102623360,0.08297446903461060,0.06930962922445250,0.0843886870177286,0.0916805104545958,0.09124315062049710,0.09104205874820050,0.06960501669616030,0.05249311586049230,0.052382868457636400,0.055054902090675900,0.027029318841119400,0.01873488965961200,1
94,5436,0.004597305706515080,0.0010073222725746500,0.0005096574480930770,1.70659840519951E-05,0.00011072126351029300,0.0006232913073346760,0.0028600020558865200,0.013657031881856500,0.03533779678125100,0.039169869660002800,0.03458856652292970,0.039653423590216400,0.029564219764601300,0.03599621190828100,0.036821672677653600,0.04004566997558600,0.041269983832722700,0.039528476952565500,0.029985060525096800,0.027672865966586000,0.028982305385938900,0.033766318057975900,0.01987257904864060,0.012656760005136300,1
95,5437,0.004449645951309560,0.0019473382959216400,0.00021928771120570300,0.0005482592403663940,0.0008825253284701250,0.000610531275577803,0.0021619881190910100,0.012169775783240100,0.030336350767624400,0.02984250031743220,0.03590855298082390,0.03877418020367470,0.030133016463872600,0.036053707646726600,0.031907298176753000,0.03464091683176410,0.03636033718495030,0.033667283326746200,0.03462255559748940,0.0410139192358326,0.028945889625488400,0.02553656876724750,0.025125727364327100,0.013037728907314200,1
96,5438,0.0035128717266567500,0.0008661434301278530,0.0002033194323680830,0.0010599657134909600,0.0008021007273659900,0.00029705028042683900,0.0017511996188544100,0.009535791535215710,0.025224039271991600,0.02547865511919690,0.028870523425900100,0.029771743477378000,0.025975975971719200,0.03189666661202740,0.025199954179893100,0.028675156260457100,0.03402753342356400,0.029602373813825600,0.030070171784723800,0.03650642660293650,0.02520710070907160,0.020171164649134400,0.021202806196348100,0.011985412112314100,1
97,5439,0.001512636619968230,1.08438006632667E-05,0.0003635594165711410,2.56758029180919E-05,1.58696560259778E-05,0.0012541324278619600,0.0010703937195293900,0.007832505163302260,0.013585116504985600,0.012679779481077600,0.01123180123849590,0.010976727622716900,0.013188115094822000,0.013861928017380700,0.01732242486296480,0.011205337281972400,0.01321871040965390,0.01897058164177740,0.014666698355938400,0.01576152532509240,0.0068843478005030700,0.005948350237610500,0.006453273975348070,0.002682437048719350,1
98,5440,0.0016731898428086600,9.93573157011882E-06,0.0005670194919763980,3.75801185806118E-06,2.06042813353359E-05,0.001168585717763460,0.0010483247335946500,0.007619288924342030,0.013470568559339700,0.015582882577748700,0.014324174732962700,0.012846455584128900,0.01423763993185030,0.01330684775190250,0.0210106868950552,0.012340222632743400,0.014051725388708400,0.021568840582943900,0.01662386107846000,0.017590588696150600,0.008533533970622970,0.006689169917470900,0.006930281247611320,0.002679561360412990,1
99,5441,0.0017322307856003300,9.81575143395761E-06,0.0005677846248032360,1.32375088065292E-06,4.50322656772351E-05,0.001065657279475890,0.0010898993778556600,0.007230609127949530,0.01214784425942440,0.01466598145254940,0.013252634631647400,0.011507115827406700,0.013230958195834400,0.01199797016385500,0.018645890734040300,0.010968834503425900,0.012982990383106300,0.019492465531750000,0.015083425832860400,0.016010182352695800,0.0075885226878668400,0.005929994672696030,0.0055845857569972100,0.0024655622664068800,0